1.
0.9996032433488873
0.9987448980248442
0.9975335017626844
0.9961252859824965
0.9946433080575652
0.9932197621753607
0.9923452024656375
0.9920173752631761
0.9927797737713756
0.9942752894087414
0.9960381858562537
0.9970833189555589
0.9968010477422319
0.9954815751191992
0.9938244383123871
1.
0.9995155047622812
0.998574323565367
0.997436692427512
0.9959830545131583
0.9944430781624619
0.9931223637098636
0.992181327554658
0.9919645677766123
0.9925107839501345
0.9939269744020239
0.9954557787129947
0.9963740990872478
0.9960486985626155
0.9948229595304883
0.9931562623514947
1.
0.9994056322439826
0.9984630008498411
0.9973149034711672
0.9959119514566033
0.9944314971585088
0.9930307012695193
0.9921224024129518
0.9917360956254182
0.9923941918228768
0.9936793853567996
0.9952615052574025
0.9960777846798764
0.9956516202885861
0.9942455430641033
0.9927518078223948
1.
0.9995125995610049
0.9985635072053448
0.9974432189904122
0.9960813333343147
0.9946326906572068
0.9932127748645686
0.9921389001969776
0.9914822637589028
0.9916406640524803
0.992531400160639
0.9935401629549232
0.9939159877261083
0.9937405129818664
0.9929980721665214
0.9920335441960475